spawns: 
  default: 
    world: world
    x: 2738.214212154185
    y: 63.0
    z: -245.73668696333988
    yaw: 175.04901
    pitch: 4.8000107
